
; 
;   TNO_observations_to_DES.txt
; 
;       The accuracy of the measurements cannot be guaranteed.
; 
;       FITS images
;
;           Hyper Suprime-Cam Subaru Strategic Program
;           https://hsc-release.mtk.nao.ac.jp/doc/
; 
;           Hyper Suprime-Cam Legacy Archive
;           https://hscla.mtk.nao.ac.jp/doc/
; 

2015 DR370
              C2019 03 03.37605 10 59 53.26 -02 26 32.4                      T09
              C2019 03 15.50551 10 58 59.12 -02 21 50.1                      T09
              C2019 04 05.49278 10 57 33.48 -02 13 11.3                      T09

2016 GZ390
              C2016 04 05.24139 12 14 11.80 +00 08 24.4                      T09
              C2016 04 05.28574 12 14 11.59 +00 08 26.6                      T09
              C2016 04 05.33022 12 14 11.38 +00 08 28.6                      T09
              C2016 04 05.42832 12 14 10.90 +00 08 33.0                      T09
              C2016 04 05.48721 12 14 10.62 +00 08 35.7                      T09
              C2016 04 05.54626 12 14 10.34 +00 08 38.4                      T09
              C2016 04 06.45439 12 14 06.07 +00 09 19.4                      T09
              C2016 04 06.55126 12 14 05.60 +00 09 23.6                      T09

2019 GH201
              C2019 03 03.52564 12 08 23.41 +02 39 59.7                      T09
              C2019 03 03.56606 12 08 23.24 +02 40 00.9                      T09
              C2019 03 03.61973 12 08 23.01 +02 40 02.4                      T09
              C2019 04 06.30369 12 05 58.55 +02 55 55.0                      T09
              C2019 04 06.33313 12 05 58.42 +02 55 55.7                      T09

2019 JX147
              C2019 01 08.66620 10 43 04.52 +01 18 12.9                      T09
              C2019 01 11.43403 10 42 57.29 +01 18 30.5                      T09
              C2019 01 11.55178 10 42 56.96 +01 18 31.4                      T09
              C2019 01 11.63598 10 42 56.73 +01 18 32.0                      T09

2020 AO32
              C2020 01 28.63459 11 11 40.30 +03 22 34.1                      T09
              C2020 01 30.53789 11 11 33.16 +03 23 13.5                      T09
              C2020 01 30.58965 11 11 32.96 +03 23 14.6                      T09

2020 AV30
              C2019 11 05.64254 10 45 42.96 +03 15 59.4                      T09
              C2019 12 04.53926 10 46 24.95 +03 08 04.9                      T09
              C2019 12 04.64380 10 46 24.99 +03 08 03.9                      T09
              C2020 01 22.45454 10 45 18.47 +03 08 57.2                      T09
              C2020 01 26.37340 10 45 06.79 +03 09 45.8                      T09
              C2020 01 26.40705 10 45 06.68 +03 09 46.3                      T09

2026 EO127
              C2020 01 20.53319 12 02 35.58 +03 42 24.1                      T09
              C2020 01 21.61269 12 02 32.83 +03 42 40.1                      T09
              C2020 01 21.62699 12 02 32.80 +03 42 40.3                      T09
              C2020 01 28.51142 12 02 11.35 +03 44 45.3                      T09
              C2020 01 28.52487 12 02 11.30 +03 44 45.7                      T09

2026 EP127
              C2018 12 13.55668 10 42 59.27 -01 07 24.1                      T09
              C2019 01 04.50768 10 42 22.55 -01 12 40.1                      T09
              C2019 01 06.63413 10 42 16.36 -01 12 52.1                      T09
              C2019 01 08.62677 10 42 10.19 -01 13 00.4                      T09
              C2019 01 09.54096 10 42 07.25 -01 13 03.2                      T09
              C2019 01 09.58167 10 42 07.11 -01 13 03.3                      T09
              C2019 01 09.62227 10 42 06.97 -01 13 03.4                      T09
              C2019 02 04.46754 10 40 16.31 -01 10 27.0                      T09
              C2019 02 04.47601 10 40 16.25 -01 10 27.0                      T09

2026 EZ128
              C2019 01 04.57233 11 11 43.45 -00 15 12.4                      T09
              C2019 01 04.65174 11 11 43.27 -00 15 12.9                      T09
              C2019 01 08.55418 11 11 34.26 -00 15 28.6                      T09
              C2019 01 08.59489 11 11 34.16 -00 15 28.8                      T09
              C2019 01 09.52466 11 11 31.79 -00 15 31.0                      T09
              C2019 03 03.35186 11 07 35.85 -00 04 12.5                      T09
              C2019 03 03.39211 11 07 35.61 -00 04 11.6                      T09
